# started on Thu Jun 14 14:02:52 2018

     4.670437875,2709483609,,r11,5000414000,100.00,,,,
     4.670437875,3961294,,r10,5000402500,100.00,,,,
     4.670437875,255930273,,r12,5000390000,100.00,,,,
     4.670437875,5527574,,r42,5000376500,100.00,,,,
     4.670437875,103819,,r48,5000363625,100.00,,,,
     4.670437875,503644850,,r72,5000348375,100.00,,,,
     7.172066625,2714660265,,r11,5001841937,100.00,,,,
     7.172066625,4000785,,r10,5001834750,100.00,,,,
     7.172066625,256276036,,r12,5001828500,100.00,,,,
     7.172066625,5479800,,r42,5001821312,100.00,,,,
     7.172066625,96909,,r48,5001813500,100.00,,,,
     7.172066625,504450184,,r72,5001803500,100.00,,,,
     9.672302250,2728802073,,r11,5001383500,100.00,,,,
     9.672302250,4021614,,r10,5001379375,100.00,,,,
     9.672302250,257257179,,r12,5001375541,100.00,,,,
     9.672302250,5602869,,r42,5001371166,100.00,,,,
     9.672302250,52111,,r48,5001366166,100.00,,,,
     9.672302250,506263832,,r72,5001359666,100.00,,,,
    12.172537125,2700778475,,r11,5001155250,100.00,,,,
    12.172537125,3923376,,r10,5001151718,100.00,,,,
    12.172537125,255768215,,r12,5001148656,100.00,,,,
    12.172537125,5480958,,r42,5001145343,100.00,,,,
    12.172537125,58201,,r48,5001141781,100.00,,,,
    12.172537125,503376564,,r72,5001136937,100.00,,,,
    14.675203500,2699998584,,r11,5001989975,100.00,,,,
    14.675203500,4000505,,r10,5001987350,100.00,,,,
    14.675203500,255805556,,r12,5001985125,100.00,,,,
    14.675203500,5447823,,r42,5001982575,100.00,,,,
    14.675203500,28963,,r48,5001979725,100.00,,,,
    14.675203500,503786759,,r72,5001976200,100.00,,,,
    17.175439875,2700069831,,r11,5001736854,100.00,,,,
    17.175439875,3862235,,r10,5001734645,100.00,,,,
    17.175439875,255499665,,r12,5001732604,100.00,,,,
    17.175439875,5341380,,r42,5001731187,100.00,,,,
    17.175439875,79915,,r48,5001728562,100.00,,,,
    17.175439875,502540571,,r72,5001725395,100.00,,,,
    19.675675625,2715788769,,r11,5001556642,100.00,,,,
    19.675675625,3869994,,r10,5001554750,100.00,,,,
    19.675675625,256183030,,r12,5001553000,100.00,,,,
    19.675675625,5582084,,r42,5001551017,100.00,,,,
    19.675675625,31455,,r48,5001549178,100.00,,,,
    19.675675625,503765354,,r72,5001546464,100.00,,,,
    22.175921250,2679133936,,r11,5001422000,100.00,,,,
    22.175921250,3922948,,r10,5001420875,100.00,,,,
    22.175921250,254071451,,r12,5001419453,100.00,,,,
    22.175921250,5508350,,r42,5001418046,100.00,,,,
    22.175921250,20510,,r48,5001416453,100.00,,,,
    22.175921250,500393361,,r72,5001414312,100.00,,,,
    24.676172125,2691961000,,r11,5001319944,100.00,,,,
    24.676172125,3901618,,r10,5001318694,100.00,,,,
    24.676172125,255172830,,r12,5001317722,100.00,,,,
    24.676172125,5526103,,r42,5001316402,100.00,,,,
    24.676172125,29762,,r48,5001314902,100.00,,,,
    24.676172125,502308645,,r72,5001313166,100.00,,,,
    27.179195750,2713698456,,r11,5001792925,100.00,,,,
    27.179195750,3884320,,r10,5001791762,100.00,,,,
    27.179195750,256875486,,r12,5001790950,100.00,,,,
    27.179195750,5302787,,r42,5001789600,100.00,,,,
    27.179195750,39484,,r48,5001788337,100.00,,,,
    27.179195750,504815389,,r72,5001786412,100.00,,,,
    29.679441500,2725535692,,r11,5001674806,100.00,,,,
    29.679441500,4049364,,r10,5001673647,100.00,,,,
    29.679441500,257060687,,r12,5001672556,100.00,,,,
    29.679441500,5348682,,r42,5001671386,100.00,,,,
    29.679441500,27818,,r48,5001670420,100.00,,,,
    29.679441500,505954283,,r72,5001668738,100.00,,,,
    32.179693125,2686114042,,r11,5001576541,100.00,,,,
    32.179693125,3794117,,r10,5001576187,100.00,,,,
    32.179693125,255097948,,r12,5001575458,100.00,,,,
    32.179693125,5205741,,r42,5001574458,100.00,,,,
    32.179693125,34763,,r48,5001573083,100.00,,,,
    32.179693125,501255308,,r72,5001571427,100.00,,,,
    34.680485500,2686662282,,r11,5001573625,100.00,,,,
    34.680485500,4001670,,r10,5001573538,100.00,,,,
    34.680485500,254884860,,r12,5001573413,100.00,,,,
    34.680485500,5262022,,r42,5001573201,100.00,,,,
    34.680485500,22161,,r48,5001572798,100.00,,,,
    34.680485500,502298129,,r72,5001572144,100.00,,,,
    37.180748625,2689455064,,r11,5001503116,100.00,,,,
    37.180748625,3810320,,r10,5001502116,100.00,,,,
    37.180748625,254951801,,r12,5001501276,100.00,,,,
    37.180748625,5269766,,r42,5001500366,100.00,,,,
    37.180748625,33460,,r48,5001499348,100.00,,,,
    37.180748625,501408768,,r72,5001497946,100.00,,,,
    39.680992500,2709803111,,r11,5001435308,100.00,,,,
    39.680992500,3953620,,r10,5001434508,100.00,,,,
    39.680992500,255787879,,r12,5001433750,100.00,,,,
    39.680992500,5307677,,r42,5001432883,100.00,,,,
    39.680992500,23610,,r48,5001431899,100.00,,,,
    39.680992500,503791119,,r72,5001430566,100.00,,,,
    42.183449125,2685147895,,r11,5001652593,100.00,,,,
    42.183449125,3999841,,r10,5001651929,100.00,,,,
    42.183449125,254482882,,r12,5001651234,100.00,,,,
    42.183449125,5266399,,r42,5001650500,100.00,,,,
    42.183449125,20914,,r48,5001649617,100.00,,,,
    42.183449125,501354101,,r72,5001648359,100.00,,,,
    44.683717750,2685038715,,r11,5001585286,100.00,,,,
    44.683717750,3999317,,r10,5001585058,100.00,,,,
    44.683717750,254298019,,r12,5001584933,100.00,,,,
    44.683717750,5315208,,r42,5001584794,100.00,,,,
    44.683717750,20932,,r48,5001583999,100.00,,,,
    44.683717750,501431897,,r72,5001582867,100.00,,,,
    47.183939125,2682471367,,r11,5001523958,100.00,,,,
    47.183939125,3936304,,r10,5001523125,100.00,,,,
    47.183939125,254202160,,r12,5001522444,100.00,,,,
    47.183939125,5271299,,r42,5001521680,100.00,,,,
    47.183939125,20380,,r48,5001520784,100.00,,,,
    47.183939125,500703051,,r72,5001519666,100.00,,,,
    49.687464375,2716074773,,r11,5001814269,100.00,,,,
    49.687464375,3971431,,r10,5001813559,100.00,,,,
    49.687464375,256088670,,r12,5001812986,100.00,,,,
    49.687464375,5276144,,r42,5001812309,100.00,,,,
    49.687464375,23690,,r48,5001811618,100.00,,,,
    49.687464375,504393084,,r72,5001810585,100.00,,,,
    52.187699500,2703643432,,r11,5001746825,100.00,,,,
    52.187699500,3920775,,r10,5001746306,100.00,,,,
    52.187699500,258352404,,r12,5001745850,100.00,,,,
    52.187699500,5327919,,r42,5001745206,100.00,,,,
    52.187699500,34203,,r48,5001744493,100.00,,,,
    52.187699500,506604226,,r72,5001743681,100.00,,,,
    54.687941875,2693271463,,r11,5001687113,100.00,,,,
    54.687941875,3755384,,r10,5001686494,100.00,,,,
    54.687941875,255580199,,r12,5001685916,100.00,,,,
    54.687941875,5215300,,r42,5001685327,100.00,,,,
    54.687941875,39950,,r48,5001684607,100.00,,,,
    54.687941875,502285470,,r72,5001683654,100.00,,,,
    57.188174750,2667660106,,r11,5001631590,100.00,,,,
    57.188174750,4049096,,r10,5001630954,100.00,,,,
    57.188174750,254834783,,r12,5001630392,100.00,,,,
    57.188174750,5227694,,r42,5001629818,100.00,,,,
    57.188174750,28266,,r48,5001629210,100.00,,,,
    57.188174750,501289544,,r72,5001628363,100.00,,,,
    59.688408000,2693684528,,r11,5001580951,100.00,,,,
    59.688408000,4136101,,r10,5001580472,100.00,,,,
    59.688408000,255438903,,r12,5001580005,100.00,,,,
    59.688408000,5302812,,r42,5001579402,100.00,,,,
    59.688408000,28326,,r48,5001578706,100.00,,,,
    59.688408000,502914829,,r72,5001577809,100.00,,,,
    62.190421000,2688585141,,r11,5001682880,100.00,,,,
    62.190421000,3792176,,r10,5001682369,100.00,,,,
    62.190421000,254478874,,r12,5001681880,100.00,,,,
    62.190421000,5231868,,r42,5001681354,100.00,,,,
    62.190421000,33915,,r48,5001680729,100.00,,,,
    62.190421000,500679189,,r72,5001679890,100.00,,,,
    64.690648750,2684239532,,r11,5001633745,100.00,,,,
    64.690648750,3989554,,r10,5001633264,100.00,,,,
    64.690648750,254282893,,r12,5001632750,100.00,,,,
    64.690648750,5253286,,r42,5001632220,100.00,,,,
    64.690648750,20783,,r48,5001631634,100.00,,,,
    64.690648750,501208491,,r72,5001630830,100.00,,,,
    67.190877875,2680029321,,r11,5001588533,100.00,,,,
    67.190877875,3886925,,r10,5001588052,100.00,,,,
    67.190877875,254328621,,r12,5001587596,100.00,,,,
    67.190877875,5262946,,r42,5001587072,100.00,,,,
    67.190877875,20372,,r48,5001586471,100.00,,,,
    67.190877875,500480554,,r72,5001585716,100.00,,,,
    69.691135250,2715027925,,r11,5001548810,100.00,,,,
    69.691135250,4021121,,r10,5001548273,100.00,,,,
    69.691135250,255774089,,r12,5001547861,100.00,,,,
    69.691135250,5352196,,r42,5001547384,100.00,,,,
    69.691135250,24637,,r48,5001546828,100.00,,,,
    69.691135250,503919339,,r72,5001546115,100.00,,,,
    72.194443250,2684556937,,r11,5001729674,100.00,,,,
    72.194443250,3946670,,r10,5001729245,100.00,,,,
    72.194443250,254483978,,r12,5001728883,100.00,,,,
    72.194443250,5270223,,r42,5001728392,100.00,,,,
    72.194443250,20685,,r48,5001727839,100.00,,,,
    72.194443250,501372994,,r72,5001727102,100.00,,,,
    74.694677125,2682938732,,r11,5001686258,100.00,,,,
    74.694677125,3923583,,r10,5001685780,100.00,,,,
    74.694677125,254644031,,r12,5001685375,100.00,,,,
    74.694677125,5323821,,r42,5001684922,100.00,,,,
    74.694677125,20208,,r48,5001684418,100.00,,,,
    74.694677125,501447783,,r72,5001683732,100.00,,,,
    77.194902750,2684246384,,r11,5001644804,100.00,,,,
    77.194902750,3938747,,r10,5001644337,100.00,,,,
    77.194902750,254574503,,r12,5001643937,100.00,,,,
    77.194902750,5312472,,r42,5001643637,100.00,,,,
    77.194902750,20747,,r48,5001643224,100.00,,,,
    77.194902750,501486424,,r72,5001642591,100.00,,,,
    79.695152875,2712118398,,r11,5001606850,100.00,,,,
    79.695152875,3940869,,r10,5001607358,100.00,,,,
    79.695152875,255980739,,r12,5001607330,100.00,,,,
    79.695152875,5295411,,r42,5001606915,100.00,,,,
    79.695152875,23735,,r48,5001606415,100.00,,,,
    79.695152875,504032913,,r72,5001605794,100.00,,,,
    82.195407000,2683074067,,r11,5001571960,100.00,,,,
    82.195407000,3880903,,r10,5001573292,100.00,,,,
    82.195407000,254775635,,r12,5001572937,100.00,,,,
    82.195407000,5263017,,r42,5001572550,100.00,,,,
    82.195407000,20911,,r48,5001572101,100.00,,,,
    82.195407000,501396358,,r72,5001571480,100.00,,,,
    84.695642750,2680581026,,r11,5001540375,100.00,,,,
    84.695642750,3897301,,r10,5001540003,100.00,,,,
    84.695642750,254449365,,r12,5001539636,100.00,,,,
    84.695642750,5269076,,r42,5001539234,100.00,,,,
    84.695642750,20096,,r48,5001538734,100.00,,,,
    84.695642750,500726775,,r72,5001538125,100.00,,,,
    87.195877750,2707705083,,r11,5001508518,100.00,,,,
    87.195877750,3905776,,r10,5001508231,100.00,,,,
    87.195877750,256707800,,r12,5001507974,100.00,,,,
    87.195877750,5252739,,r42,5001507602,100.00,,,,
    87.195877750,30125,,r48,5001507183,100.00,,,,
    87.195877750,503954105,,r72,5001506720,100.00,,,,
    89.697623625,2704246955,,r11,5001565550,100.00,,,,
    89.697623625,3985071,,r10,5001565142,100.00,,,,
    89.697623625,255240709,,r12,5001564825,100.00,,,,
    89.697623625,5219041,,r42,5001564453,100.00,,,,
    89.697623625,21811,,r48,5001564046,100.00,,,,
    89.697623625,502988515,,r72,5001563460,100.00,,,,
    92.197860125,2696849945,,r11,5001535142,100.00,,,,
    92.197860125,3955611,,r10,5001534756,100.00,,,,
    92.197860125,255042418,,r12,5001534447,100.00,,,,
    92.197860125,5214726,,r42,5001534104,100.00,,,,
    92.197860125,22448,,r48,5001533725,100.00,,,,
    92.197860125,502310584,,r72,5001533177,100.00,,,,
    94.698103875,2683502848,,r11,5001506672,100.00,,,,
    94.698103875,3860311,,r10,5001506344,100.00,,,,
    94.698103875,254653610,,r12,5001506070,100.00,,,,
    94.698103875,5246099,,r42,5001505743,100.00,,,,
    94.698103875,20447,,r48,5001505429,100.00,,,,
    94.698103875,501101013,,r72,5001504922,100.00,,,,
    97.199929500,2681148103,,r11,5001563309,100.00,,,,
    97.199929500,3946722,,r10,5001562957,100.00,,,,
    97.199929500,254261788,,r12,5001562651,100.00,,,,
    97.199929500,5168012,,r42,5001562292,100.00,,,,
    97.199929500,20073,,r48,5001561901,100.00,,,,
    97.199929500,500665796,,r72,5001561391,100.00,,,,
    99.700162500,2683327495,,r11,5001535054,100.00,,,,
    99.700162500,3903637,,r10,5001534762,100.00,,,,
    99.700162500,254425074,,r12,5001534448,100.00,,,,
    99.700162500,5219464,,r42,5001534169,100.00,,,,
    99.700162500,20335,,r48,5001533778,100.00,,,,
    99.700162500,501058233,,r72,5001533288,100.00,,,,
   102.200420125,2708345312,,r11,5001509499,100.00,,,,
   102.200420125,3948581,,r10,5001509225,100.00,,,,
   102.200420125,255590578,,r12,5001509009,100.00,,,,
   102.200420125,5247016,,r42,5001508653,100.00,,,,
   102.200420125,23378,,r48,5001508334,100.00,,,,
   102.200420125,503151927,,r72,5001507859,100.00,,,,
   104.700657125,2682671056,,r11,5001484115,100.00,,,,
   104.700657125,3885243,,r10,5001483817,100.00,,,,
   104.700657125,254639504,,r12,5001483527,100.00,,,,
   104.700657125,5224814,,r42,5001483219,100.00,,,,
   104.700657125,20387,,r48,5001483003,100.00,,,,
   104.700657125,501237145,,r72,5001482624,100.00,,,,
   107.200889250,2681639686,,r11,5001460050,100.00,,,,
   107.200889250,3970645,,r10,5001459764,100.00,,,,
   107.200889250,254320335,,r12,5001459497,100.00,,,,
   107.200889250,5157454,,r42,5001459196,100.00,,,,
   107.200889250,20210,,r48,5001458851,100.00,,,,
   107.200889250,500999440,,r72,5001458407,100.00,,,,
   109.704299000,2687110908,,r11,5001584793,100.00,,,,
   109.704299000,3918699,,r10,5001584479,100.00,,,,
   109.704299000,254870875,,r12,5001584200,100.00,,,,
   109.704299000,5170102,,r42,5001583904,100.00,,,,
   109.704299000,20914,,r48,5001583529,100.00,,,,
   109.704299000,501900516,,r72,5001583075,100.00,,,,
   112.204525625,2710037230,,r11,5001559025,100.00,,,,
   112.204525625,3969014,,r10,5001558698,100.00,,,,
   112.204525625,255805952,,r12,5001558426,100.00,,,,
   112.204525625,5220577,,r42,5001558130,100.00,,,,
   112.204525625,23826,,r48,5001557795,100.00,,,,
   112.204525625,503573312,,r72,5001557357,100.00,,,,
   114.704754500,2681634424,,r11,5001534572,100.00,,,,
   114.704754500,3884415,,r10,5001534280,100.00,,,,
   114.704754500,254470659,,r12,5001534016,100.00,,,,
   114.704754500,5203647,,r42,5001533733,100.00,,,,
   114.704754500,20398,,r48,5001533394,100.00,,,,
   114.704754500,500966958,,r72,5001532949,100.00,,,,
   117.204977625,2679951454,,r11,5001510942,100.00,,,,
   117.204977625,3908196,,r10,5001510616,100.00,,,,
   117.204977625,254238103,,r12,5001510353,100.00,,,,
   117.204977625,5185617,,r42,5001510081,100.00,,,,
   117.204977625,20250,,r48,5001509755,100.00,,,,
   117.204977625,500577737,,r72,5001509317,100.00,,,,
   119.707657875,2685380468,,r11,5001592813,100.00,,,,
   119.707657875,3911161,,r10,5001592531,100.00,,,,
   119.707657875,254811693,,r12,5001592281,100.00,,,,
   119.707657875,5225115,,r42,5001592015,100.00,,,,
   119.707657875,20790,,r48,5001591691,100.00,,,,
   119.707657875,501808626,,r72,5001591268,100.00,,,,
   122.207875250,2707987575,,r11,5001568690,100.00,,,,
   122.207875250,3961158,,r10,5001568382,100.00,,,,
   122.207875250,255633851,,r12,5001568151,100.00,,,,
   122.207875250,5240190,,r42,5001567885,100.00,,,,
   122.207875250,23347,,r48,5001567570,100.00,,,,
   122.207875250,503375450,,r72,5001567169,100.00,,,,
   124.708112875,2684426437,,r11,5001546390,100.00,,,,
   124.708112875,4004293,,r10,5001546147,100.00,,,,
   124.708112875,254780510,,r12,5001545897,100.00,,,,
   124.708112875,5252893,,r42,5001545617,100.00,,,,
   124.708112875,20466,,r48,5001545293,100.00,,,,
   124.708112875,501752235,,r72,5001544892,100.00,,,,
   127.210931250,2681933823,,r11,5001628249,100.00,,,,
   127.210931250,3912163,,r10,5001627952,100.00,,,,
   127.210931250,254429422,,r12,5001627715,100.00,,,,
   127.210931250,5221483,,r42,5001627427,100.00,,,,
   127.210931250,19917,,r48,5001627129,100.00,,,,
   127.210931250,500931914,,r72,5001626747,100.00,,,,
   129.711170750,2686804861,,r11,5001605598,100.00,,,,
   129.711170750,3973040,,r10,5001605379,100.00,,,,
   129.711170750,254725536,,r12,5001605149,100.00,,,,
   129.711170750,5244430,,r42,5001604889,100.00,,,,
   129.711170750,21541,,r48,5001604590,100.00,,,,
   129.711170750,501742480,,r72,5001604188,100.00,,,,
   132.211420500,2703604719,,r11,5001584257,100.00,,,,
   132.211420500,3870658,,r10,5001584016,100.00,,,,
   132.211420500,255215667,,r12,5001583848,100.00,,,,
   132.211420500,5248289,,r42,5001583593,100.00,,,,
   132.211420500,22667,,r48,5001583348,100.00,,,,
   132.211420500,502210155,,r72,5001582978,100.00,,,,
   134.711679750,2683159096,,r11,5001564219,100.00,,,,
   134.711679750,3924032,,r10,5001563976,100.00,,,,
   134.711679750,254646259,,r12,5001563752,100.00,,,,
   134.711679750,5211694,,r42,5001563535,100.00,,,,
   134.711679750,19883,,r48,5001563254,100.00,,,,
   134.711679750,501314011,,r72,5001562896,100.00,,,,
   137.211908750,2683206591,,r11,5001543763,100.00,,,,
   137.211908750,3958106,,r10,5001543511,100.00,,,,
   137.211908750,254706125,,r12,5001543300,100.00,,,,
   137.211908750,5177938,,r42,5001543069,100.00,,,,
   137.211908750,20800,,r48,5001542777,100.00,,,,
   137.211908750,501865288,,r72,5001542414,100.00,,,,
   139.714319250,2683416931,,r11,5001603349,100.00,,,,
   139.714319250,3946704,,r10,5001603111,100.00,,,,
   139.714319250,254645904,,r12,5001602913,100.00,,,,
   139.714319250,5180384,,r42,5001602675,100.00,,,,
   139.714319250,20375,,r48,5001602406,100.00,,,,
   139.714319250,501559620,,r72,5001602040,100.00,,,,
   142.214537250,2710412689,,r11,5001582602,100.00,,,,
   142.214537250,3885016,,r10,5001582343,100.00,,,,
   142.214537250,255880498,,r12,5001582129,100.00,,,,
   142.214537250,5261450,,r42,5001581895,100.00,,,,
   142.214537250,23506,,r48,5001581607,100.00,,,,
   142.214537250,503734866,,r72,5001581236,100.00,,,,
   144.714771000,2682127488,,r11,5001562767,100.00,,,,
   144.714771000,3932866,,r10,5001562603,100.00,,,,
   144.714771000,254549843,,r12,5001562460,100.00,,,,
   144.714771000,5228349,,r42,5001562241,100.00,,,,
   144.714771000,20722,,r48,5001561975,100.00,,,,
   144.714771000,501379389,,r72,5001561686,100.00,,,,
   147.215008750,2711176852,,r11,5001544187,100.00,,,,
   147.215008750,3892502,,r10,5001544002,100.00,,,,
   147.215008750,256458553,,r12,5001543788,100.00,,,,
   147.215008750,5255522,,r42,5001543560,100.00,,,,
   147.215008750,37185,,r48,5001543299,100.00,,,,
   147.215008750,503930623,,r72,5001542956,100.00,,,,
   149.716981125,2708860291,,r11,5001584891,100.00,,,,
   149.716981125,3896345,,r10,5001584686,100.00,,,,
   149.716981125,257736692,,r12,5001584487,100.00,,,,
   149.716981125,5263553,,r42,5001584264,100.00,,,,
   149.716981125,35978,,r48,5001583989,100.00,,,,
   149.716981125,505611432,,r72,5001583654,100.00,,,,
   152.217228125,2712699179,,r11,5001566493,100.00,,,,
   152.217228125,3873210,,r10,5001566354,100.00,,,,
   152.217228125,255481126,,r12,5001566164,100.00,,,,
   152.217228125,5250971,,r42,5001566010,100.00,,,,
   152.217228125,32166,,r48,5001565829,100.00,,,,
   152.217228125,502903690,,r72,5001565506,100.00,,,,
   154.718932500,2690977348,,r11,5001596926,100.00,,,,
   154.718932500,3727350,,r10,5001596719,100.00,,,,
   154.718932500,254931198,,r12,5001596530,100.00,,,,
   154.718932500,5199941,,r42,5001596315,100.00,,,,
   154.718932500,35551,,r48,5001596061,100.00,,,,
   154.718932500,501258584,,r72,5001595729,100.00,,,,
   157.219173500,2689613046,,r11,5001578872,100.00,,,,
   157.219173500,3819744,,r10,5001578665,100.00,,,,
   157.219173500,254751731,,r12,5001578538,100.00,,,,
   157.219173500,5148425,,r42,5001578346,100.00,,,,
   157.219173500,30911,,r48,5001578088,100.00,,,,
   157.219173500,501171309,,r72,5001577766,100.00,,,,
   159.721210375,2687916074,,r11,5001618486,100.00,,,,
   159.721210375,3876715,,r10,5001618289,100.00,,,,
   159.721210375,254957563,,r12,5001618101,100.00,,,,
   159.721210375,5198319,,r42,5001617902,100.00,,,,
   159.721210375,24328,,r48,5001617674,100.00,,,,
   159.721210375,501791595,,r72,5001617363,100.00,,,,
   162.221454875,2714729195,,r11,5001600863,100.00,,,,
   162.221454875,3931777,,r10,5001600640,100.00,,,,
   162.221454875,255443303,,r12,5001600496,100.00,,,,
   162.221454875,5172280,,r42,5001600279,100.00,,,,
   162.221454875,31439,,r48,5001600027,100.00,,,,
   162.221454875,502913292,,r72,5001599761,100.00,,,,
   164.723532125,2694024145,,r11,5001640184,100.00,,,,
   164.723532125,3737041,,r10,5001639976,100.00,,,,
   164.723532125,255163477,,r12,5001639784,100.00,,,,
   164.723532125,5163415,,r42,5001639571,100.00,,,,
   164.723532125,37690,,r48,5001639336,100.00,,,,
   164.723532125,501559082,,r72,5001639030,100.00,,,,
   167.223810500,2692852707,,r11,5001623725,100.00,,,,
   167.223810500,3826540,,r10,5001623517,100.00,,,,
   167.223810500,255563153,,r12,5001623339,100.00,,,,
   167.223810500,5195042,,r42,5001623151,100.00,,,,
   167.223810500,32053,,r48,5001622926,100.00,,,,
   167.223810500,502533443,,r72,5001622647,100.00,,,,
   169.724039875,2687321072,,r11,5001606347,100.00,,,,
   169.724039875,3940031,,r10,5001606154,100.00,,,,
   169.724039875,254884042,,r12,5001605975,100.00,,,,
   169.724039875,5236194,,r42,5001605791,100.00,,,,
   169.724039875,21112,,r48,5001605569,100.00,,,,
   169.724039875,502291799,,r72,5001605281,100.00,,,,
   172.226429500,2712667908,,r11,5001653011,100.00,,,,
   172.226429500,3997520,,r10,5001652816,100.00,,,,
   172.226429500,255528968,,r12,5001652625,100.00,,,,
   172.226429500,5239965,,r42,5001652446,100.00,,,,
   172.226429500,22851,,r48,5001652229,100.00,,,,
   172.226429500,503437472,,r72,5001651937,100.00,,,,
   174.726663375,2680862559,,r11,5001635666,100.00,,,,
   174.726663375,3892515,,r10,5001635552,100.00,,,,
   174.726663375,254348065,,r12,5001635422,100.00,,,,
   174.726663375,5214047,,r42,5001635233,100.00,,,,
   174.726663375,20169,,r48,5001635081,100.00,,,,
   174.726663375,501015776,,r72,5001634793,100.00,,,,
   177.226902250,2682834995,,r11,5001619280,100.00,,,,
   177.226902250,3919815,,r10,5001619089,100.00,,,,
   177.226902250,254361912,,r12,5001618973,100.00,,,,
   177.226902250,5248232,,r42,5001618778,100.00,,,,
   177.226902250,20088,,r48,5001618546,100.00,,,,
   177.226902250,500871732,,r72,5001618257,100.00,,,,
   179.727142375,2690747527,,r11,5001603239,100.00,,,,
   179.727142375,3946828,,r10,5001603045,100.00,,,,
   179.727142375,256170647,,r12,5001602871,100.00,,,,
   179.727142375,5243057,,r42,5001602684,100.00,,,,
   179.727142375,23138,,r48,5001602471,100.00,,,,
   179.727142375,503755358,,r72,5001602220,100.00,,,,
   182.227389250,2718000829,,r11,5001587425,100.00,,,,
   182.227389250,3805595,,r10,5001587592,100.00,,,,
   182.227389250,256099466,,r12,5001587446,100.00,,,,
   182.227389250,5238947,,r42,5001587282,100.00,,,,
   182.227389250,34329,,r48,5001587090,100.00,,,,
   182.227389250,503508246,,r72,5001586812,100.00,,,,
   184.730736000,2694651731,,r11,5001636482,100.00,,,,
   184.730736000,3730624,,r10,5001656895,100.00,,,,
   184.730736000,255215190,,r12,5001656900,100.00,,,,
   184.730736000,5212310,,r42,5001656871,100.00,,,,
   184.730736000,36097,,r48,5001656815,100.00,,,,
   184.730736000,501717692,,r72,5001656693,100.00,,,,
   187.231249250,2690132101,,r11,5001649042,100.00,,,,
   187.231249250,3752501,,r10,5001648907,100.00,,,,
   187.231249250,254857290,,r12,5001648777,100.00,,,,
   187.231249250,5135974,,r42,5001648608,100.00,,,,
   187.231249250,31273,,r48,5001648459,100.00,,,,
   187.231249250,500995742,,r72,5001648244,100.00,,,,
   189.731718750,2704497475,,r11,5001638995,100.00,,,,
   189.731718750,3799600,,r10,5001638954,100.00,,,,
   189.731718750,256714633,,r12,5001638931,100.00,,,,
   189.731718750,5190380,,r42,5001638898,100.00,,,,
   189.731718750,37641,,r48,5001638836,100.00,,,,
   189.731718750,504176557,,r72,5001638720,100.00,,,,
   192.232173875,2715864567,,r11,5001629960,100.00,,,,
   192.232173875,3840028,,r10,5001629830,100.00,,,,
   192.232173875,255976335,,r12,5001629718,100.00,,,,
   192.232173875,5198401,,r42,5001629557,100.00,,,,
   192.232173875,32708,,r48,5001629406,100.00,,,,
   192.232173875,503551609,,r72,5001629192,100.00,,,,
   194.732546125,2678698173,,r11,5001617842,100.00,,,,
   194.732546125,3969350,,r10,5001617879,100.00,,,,
   194.732546125,254889708,,r12,5001617871,100.00,,,,
   194.732546125,5222577,,r42,5001617831,100.00,,,,
   194.732546125,20641,,r48,5001617766,100.00,,,,
   194.732546125,501808894,,r72,5001617657,100.00,,,,
   197.236059500,2696091238,,r11,5001687855,100.00,,,,
   197.236059500,3790077,,r10,5001687745,100.00,,,,
   197.236059500,255708783,,r12,5001687631,100.00,,,,
   197.236059500,5210429,,r42,5001687475,100.00,,,,
   197.236059500,31975,,r48,5001687280,100.00,,,,
   197.236059500,502762794,,r72,5001687073,100.00,,,,
   199.736333375,2689324565,,r11,5001673572,100.00,,,,
   199.736333375,3734490,,r10,5001673411,100.00,,,,
   199.736333375,255290301,,r12,5001673264,100.00,,,,
   199.736333375,5142217,,r42,5001673091,100.00,,,,
   199.736333375,38263,,r48,5001672911,100.00,,,,
   199.736333375,501503610,,r72,5001672667,100.00,,,,
   202.236567125,2690856088,,r11,5001658487,100.00,,,,
   202.236567125,3816058,,r10,5001658335,100.00,,,,
   202.236567125,254751040,,r12,5001658184,100.00,,,,
   202.236567125,5193923,,r42,5001658024,100.00,,,,
   202.236567125,30018,,r48,5001657846,100.00,,,,
   202.236567125,501017185,,r72,5001657617,100.00,,,,
   204.739338375,2716733977,,r11,5001705402,100.00,,,,
   204.739338375,4010203,,r10,5001706257,100.00,,,,
   204.739338375,257273390,,r12,5001706125,100.00,,,,
   204.739338375,5226661,,r42,5001705969,100.00,,,,
   204.739338375,23627,,r48,5001705776,100.00,,,,
   204.739338375,505787946,,r72,5001705540,100.00,,,,
   207.239624000,2704333254,,r11,5001691876,100.00,,,,
   207.239624000,4066761,,r10,5001691879,100.00,,,,
   207.239624000,255568295,,r12,5001691849,100.00,,,,
   207.239624000,5203868,,r42,5001691815,100.00,,,,
   207.239624000,22660,,r48,5001691754,100.00,,,,
   207.239624000,503622515,,r72,5001691652,100.00,,,,
   209.740022875,2689345416,,r11,5001681149,100.00,,,,
   209.740022875,3999981,,r10,5001681134,100.00,,,,
   209.740022875,254899430,,r12,5001681106,100.00,,,,
   209.740022875,5145867,,r42,5001681060,100.00,,,,
   209.740022875,21006,,r48,5001680987,100.00,,,,
   209.740022875,502538010,,r72,5001680878,100.00,,,,
   212.240482750,2687152179,,r11,5001670683,100.00,,,,
   212.240482750,3960709,,r10,5001670675,100.00,,,,
   212.240482750,254727833,,r12,5001670660,100.00,,,,
   212.240482750,5140145,,r42,5001671360,100.00,,,,
   212.240482750,21205,,r48,5001672038,100.00,,,,
   212.240482750,501966836,,r72,5001671864,100.00,,,,
   214.740872375,2709071469,,r11,5001661497,100.00,,,,
   214.740872375,3968392,,r10,5001661533,100.00,,,,
   214.740872375,255658307,,r12,5001661511,100.00,,,,
   214.740872375,5139917,,r42,5001661475,100.00,,,,
   214.740872375,23858,,r48,5001661422,100.00,,,,
   214.740872375,503637286,,r72,5001661319,100.00,,,,
   217.243549375,2687471369,,r11,5001705103,100.00,,,,
   217.243549375,3940546,,r10,5001704992,100.00,,,,
   217.243549375,254895787,,r12,5001704860,100.00,,,,
   217.243549375,5137085,,r42,5001704715,100.00,,,,
   217.243549375,20564,,r48,5001704542,100.00,,,,
   217.243549375,502044734,,r72,5001704312,100.00,,,,
   219.743785000,2685351143,,r11,5001690985,100.00,,,,
   219.743785000,3984792,,r10,5001690843,100.00,,,,
   219.743785000,254839112,,r12,5001690712,100.00,,,,
   219.743785000,5107463,,r42,5001690561,100.00,,,,
   219.743785000,21097,,r48,5001690397,100.00,,,,
   219.743785000,502270082,,r72,5001690169,100.00,,,,
   222.244016250,2687297544,,r11,5001677019,100.00,,,,
   222.244016250,4016513,,r10,5001676886,100.00,,,,
   222.244016250,254504196,,r12,5001676738,100.00,,,,
   222.244016250,5147653,,r42,5001676588,100.00,,,,
   222.244016250,20710,,r48,5001676407,100.00,,,,
   222.244016250,501826060,,r72,5001676211,100.00,,,,
   224.744267625,2708678591,,r11,5001663761,100.00,,,,
   224.744267625,3959601,,r10,5001663637,100.00,,,,
   224.744267625,255597831,,r12,5001663539,100.00,,,,
   224.744267625,5186096,,r42,5001663390,100.00,,,,
   224.744267625,23414,,r48,5001663214,100.00,,,,
   224.744267625,503026868,,r72,5001662997,100.00,,,,
   227.246357625,2689124024,,r11,5001691788,100.00,,,,
   227.246357625,3984874,,r10,5001691629,100.00,,,,
   227.246357625,254679265,,r12,5001691501,100.00,,,,
   227.246357625,5152876,,r42,5001691369,100.00,,,,
   227.246357625,20670,,r48,5001691211,100.00,,,,
   227.246357625,501845430,,r72,5001690995,100.00,,,,
   229.746602125,2679034673,,r11,5001678598,100.00,,,,
   229.746602125,3919503,,r10,5001678445,100.00,,,,
   229.746602125,254509195,,r12,5001678306,100.00,,,,
   229.746602125,5127160,,r42,5001678162,100.00,,,,
   229.746602125,20311,,r48,5001677983,100.00,,,,
   229.746602125,500824692,,r72,5001677759,100.00,,,,
   232.249218250,2688242994,,r11,5001717224,100.00,,,,
   232.249218250,3967342,,r10,5001717062,100.00,,,,
   232.249218250,254811588,,r12,5001716925,100.00,,,,
   232.249218250,5178348,,r42,5001716800,100.00,,,,
   232.249218250,20503,,r48,5001716634,100.00,,,,
   232.249218250,502142778,,r72,5001716417,100.00,,,,
   234.749456250,2710927757,,r11,5001703833,100.00,,,,
   234.749456250,3926174,,r10,5001703698,100.00,,,,
   234.749456250,256055251,,r12,5001703603,100.00,,,,
   234.749456250,5220320,,r42,5001703456,100.00,,,,
   234.749456250,23453,,r48,5001703293,100.00,,,,
   234.749456250,504078622,,r72,5001703076,100.00,,,,
   237.252299750,2685289594,,r11,5001746267,100.00,,,,
   237.252299750,3876027,,r10,5001746111,100.00,,,,
   237.252299750,254568488,,r12,5001745989,100.00,,,,
   237.252299750,5186598,,r42,5001745845,100.00,,,,
   237.252299750,19851,,r48,5001745684,100.00,,,,
   237.252299750,501121773,,r72,5001745469,100.00,,,,
   239.752536000,2681863506,,r11,5001732715,100.00,,,,
   239.752536000,3924862,,r10,5001732590,100.00,,,,
   239.752536000,254681583,,r12,5001732461,100.00,,,,
   239.752536000,5113744,,r42,5001732323,100.00,,,,
   239.752536000,20128,,r48,5001732210,100.00,,,,
   239.752536000,501619308,,r72,5001732056,100.00,,,,
   240.195575750,380609333,,r11,4958860486,100.00,,,,
   240.195575750,564282,,r10,4958860523,100.00,,,,
   240.195575750,36077903,,r12,4958860572,100.00,,,,
   240.195575750,733587,,r42,4958860602,100.00,,,,
   240.195575750,3042,,r48,4958860602,100.00,,,,
   240.195575750,70923775,,r72,4958860570,100.00,,,,
